WaterConsumption
181939098 
160540706
184361371
182276377
190071038
191941944
201353276 
201911967
197210257
201739765
195916912 
197488790 
191445402 
173252570
197589877 
193327291
208026292
204244441
213421578
222289987
205258673
214452752
202692522 
207495739
204710434 
185681806
204947388
200254874
217412155
212579186
220756924
220619235
212082770
218817360
209670441
213826019
212915242 
188238373
213767580 
217117937
230191686
228494648
244452775
244873159 
237947752 
242969366 
228361039 
228428423 
224952954 
208397220
234749774
225968489
249799599
245316101
253530687
250959716
245723978
250966000
241421651
246410894
239995376 
218625646
242120060
239764261
256585620
256445988
263626853
265025393
260071576
269842591
256272921
257284729
255794090
240752352
259296870
251720038 
266836225 
263387877 
272165315 
268817999 
261302224 
270277919 
261071635 
262529383 
264786946 
231301561 
268909016 
269628773 
285437797 
269723694 
273197966 
 